# OFv9 Ref is obtained using CVODE ATOL 1e-20 - RTOL=1e-12
# OFv12 results are from Seulex ATOL 1e-14 - RTOL 1e-4
Relative Error - R25:
 [1.883113919280947e-03 1.886675477227084e-03 1.892473350079066e-03
 1.900749763716630e-03 1.911676724834687e-03 1.925174025278764e-03
 1.940565163441638e-03 1.955814882960554e-03 1.965534392478357e-03
 1.955405335773364e-03 1.886392398662960e-03 1.653692062102651e-03
 1.038456916230772e-03 9.972038390585657e-05 1.388429278303295e-03
 2.236361126033210e-03 2.484441069335438e-03 2.289581052130637e-03
 1.792809558376011e-03 1.045662088554921e-03 5.060289454433439e-05
 1.184007425614254e-03 2.588049998115555e-03 3.979841007172583e-03
 4.888176133689096e-03 4.478605528368278e-03 2.734402058661849e-03
 1.089765260294371e-03 3.050473663567374e-04 6.721040136167678e-05
 1.384531351101476e-05 2.411194996110942e-06 7.384683096091649e-07
 7.063767145066294e-07 9.058801679562228e-07 1.171470424675494e-06
 1.517482289905006e-06 1.978808996090624e-06 2.582221174279629e-06
 3.338120655845106e-06 4.232381742815366e-06 5.207266651378178e-06
 6.141752708094014e-06 6.848243890453184e-06 7.101867667759876e-06
 6.725610023422642e-06 5.734169370753170e-06 4.502101844023719e-06
 2.995986284705806e-06]
T_err RMS - R25: 0.0017120690652684054
OH_err RMS - R25: 0.03594886018146306
CO_err RMS - R25: 0.05224512773217401

Relative Error - R45:
 [1.658028383390690e-03 1.603005825663529e-03 1.516060087575168e-03
 1.397026110531045e-03 1.247277617967798e-03 1.070383148592781e-03
 8.722664792296589e-04 6.609742797765271e-04 4.461667218107026e-04
 2.391161326369766e-04 5.675971112690461e-05 4.845182452754311e-05
 1.184612238921801e-04 6.057511866697745e-04 1.065328460275155e-03
 1.217370600413276e-03 1.015840181829912e-03 5.495975999599682e-04
 6.184242029539259e-05 7.265071247333075e-04 1.342403360787638e-03
 1.831427594083316e-03 2.155137533773922e-03 2.308068573070071e-03
 2.307260083548186e-03 2.133987339921636e-03 1.620804629569599e-03
 8.190989226161577e-04 2.409593770021222e-04 5.037587887850882e-05
 1.123846434464704e-05 2.235562519418781e-08 3.377706653062883e-06
 4.880613482770425e-06 6.129730494995241e-06 7.449815067591699e-06
 8.857549066550361e-06 1.029376524895815e-05 1.165461060058519e-05
 1.279466966401096e-05 1.353759083008497e-05 1.369242243968174e-05
 1.308347747459338e-05 1.159621703080916e-05 9.248385653846125e-06
 6.282118759181175e-06 3.200292835694551e-06 6.933011502026979e-07]
T_err RMS - R45: 0.0009890935125755503
OH_err RMS - R45: 0.020198594049370147
CO_err RMS - R45: 0.022875351913005104

Relative Error - Centerline:
 [5.474605976874128e-06 5.930834426194854e-06 6.018084942663648e-06
 5.987988496678198e-06 5.913268460531171e-06 5.812353494913679e-06
 5.688297034040009e-06 5.539625361541829e-06 5.361123928711727e-06
 5.143759050414400e-06 4.878587928568298e-06 4.565814608451869e-06
 4.223606752851758e-06 3.877657372933179e-06 3.444893671768098e-06
 1.974251887805773e-06 6.636907041034187e-06 5.290503454388407e-05
 2.564764201314985e-04 9.765247126492803e-04 2.989880877000399e-03
 7.230578354130606e-03 1.310088460728785e-02 1.629738455446949e-02
 1.363904235504760e-02 8.957441212892372e-03 4.646276365340592e-03
 7.968253220151207e-04 7.399916955624682e-05 5.328803636800861e-04
 1.025823953825451e-03 1.388201179503673e-03 1.631184666572304e-03
 1.780511790765075e-03 1.860739719492512e-03 1.896711196740109e-03
 1.908443857416512e-03 1.908786354064428e-03 1.906305487682983e-03
 1.903409302192840e-03 1.902246117546864e-03 1.904764142345370e-03
 1.911888018925241e-03 1.924154115436137e-03 1.941617215527654e-03
 1.963810649897179e-03 1.989809049306865e-03 2.018332276548250e-03
 2.047910047455890e-03 2.077341905068825e-03 2.102537546847654e-03
 2.121109516077518e-03 2.130870559409258e-03 2.129650592742801e-03
 2.115692384545279e-03 2.087942541973756e-03 2.046289558347594e-03
 1.991754236433364e-03 1.926618036599766e-03 1.854457463118960e-03
 1.780061172416199e-03 1.709210031279517e-03 1.648313206011381e-03
 1.603912401379351e-03 1.582085970079408e-03 1.587807549117773e-03
 1.624328413490368e-03 1.692658866239691e-03 1.791219294876114e-03
 1.915714374053249e-03 2.059253775648039e-03 2.212714117251297e-03
 2.365256616973172e-03 2.504960833837235e-03 2.619637670950858e-03
 2.696579797955818e-03 2.724864598688285e-03 2.695459817082667e-03
 2.601728001348178e-03 2.440111215380897e-03 2.210689619144201e-03
 1.917580663430532e-03 1.569127515863951e-03 1.177801210931416e-03
 7.597458425778036e-04 3.339226614113545e-04 7.914379078467449e-05
 4.589511821047752e-04 7.868012818782196e-04 1.047587512470811e-03
 1.231360227858034e-03 1.334485476060928e-03 1.360195618303957e-03
 1.318473741016304e-03 1.225255439378014e-03 1.101018233081379e-03
 9.688638356324342e-04 8.522920748612672e-04 7.728980958367982e-04
 7.477771897822987e-04 7.903736200765719e-04 9.055031031444702e-04
 1.090208573369752e-03 1.333780604339984e-03 1.618505872024295e-03
 1.921341458198513e-03 2.216238086669920e-03 2.476841303743603e-03
 2.679074777510014e-03 2.803503485945469e-03 2.836253732359189e-03
 2.768971663314502e-03 2.599789797062905e-03 2.331636655298024e-03
 1.969987035032580e-03 1.518438573267323e-03 9.786364600865023e-04
 3.501578346847081e-04 3.690723215161080e-04 1.182720913368481e-03
 2.092289391556528e-03 3.092190704750752e-03 4.168774330779603e-03
 5.292256970550557e-03 6.406900293650476e-03 7.463366757776012e-03
 8.377629987185786e-03 9.063647294122302e-03 9.445174862877517e-03
 9.463751957328353e-03 9.096107530257008e-03 8.364298927470166e-03
 7.338144492595184e-03 6.127598578014974e-03 4.865371229268067e-03
 3.682436570518678e-03 2.674514564615636e-03 1.857207367365549e-03
 1.116816353646814e-03 2.233988646076712e-04 8.810003503894452e-04
 1.710896787277790e-03 1.854927218945660e-03 1.462031290959970e-03
 7.909289191195099e-04 1.618268112529142e-04 1.367734693989648e-03
 2.213960594836320e-03 2.892080282048892e-03 3.248718262363881e-03
 3.307526650698363e-03 3.300903915294041e-03 3.335096072864888e-03
 3.435131679027241e-03 3.646836458183797e-03 4.040802331389613e-03
 4.563837517536287e-03 5.065472898100018e-03 5.410784223197541e-03
 5.509259642572869e-03 5.347388457174385e-03 4.985870924124433e-03
 4.522473846447521e-03 4.063344142767717e-03 3.699733867437157e-03
 3.411247670116481e-03 4.507776227480363e-03 5.670880761587065e-03
 7.084821364824734e-03 6.552575991093973e-03 6.579582023876878e-03
 5.609832702448927e-03 5.265710592401536e-03 4.588143378921081e-03
 1.924587453180669e-03 4.388890953547876e-03 1.030727666078046e-02
 5.312995105046714e-03 1.140714839708692e-02 1.717418178466510e-02
 9.476766227236245e-03 1.109628500710025e-03 9.658838469245083e-03
 3.424866774423802e-03 4.376946225824598e-03 3.665325219773719e-03
 2.127413754163563e-03 2.385013724549889e-03 2.708333042523101e-03
 3.442661758875294e-03 4.235239284329333e-03 4.136256860700399e-03
 5.718390144668729e-03 5.234987317069197e-03 3.214329613554807e-03
 6.019625104591509e-03 1.048570444223671e-02 3.905482812361060e-03
 4.764808811061657e-04]
T_err RMS - Centerline: 0.0042420673797013845
OH_err RMS - Centerline: 0.27568689736386887
CO_err RMS - Centerline: 0.2286281207221728
